[SETTINGS]
WIDTH=1.16999995708466
LENGTH=2.51999998092651

