[HEADER]
VERSION=2

[BASIC]
WHEELBASE=2.67					
CG_LOCATION=0.505						

[ARB]
FRONT=21500						
REAR=14700								


[FRONT]
TYPE=DWB
BASEY=-0.18								
TRACK=1.52									
ROD_LENGTH=-0.025						
HUB_MASS=56.460
RIM_OFFSET=0.050								
WBCAR_TOP_FRONT=0.5100,  0.5370, 0.0300
WBCAR_TOP_REAR=0.5300,  0.5220, -0.2300

WBCAR_BOTTOM_FRONT=0.4300,  -0.1250, 0.2650
WBCAR_BOTTOM_REAR=0.4550,  -0.1050, -0.0500

WBTYRE_TOP=0.3150,  0.5600, -0.03780
WBTYRE_BOTTOM=0.1108,  -0.1850, 0.0231

WBCAR_STEER=0.4500,  -0.0800, -0.1600
WBTYRE_STEER=0.1400,  -0.1500, -0.1000
TOE_OUT=0.00040							
STATIC_CAMBER=0.4						
SPRING_RATE=110762.748 ;12.0kg/mm spring
PROGRESSIVE_SPRING_RATE=0
;Spring MR = 0.970^2
;Damper MR = 0.970^2				
BUMP_STOP_RATE=100000						
BUMP_STOP_RATE=80000 ;80000
BUMP_STOP_PROGRESSIVE=0
BUMPSTOP_UP=0.12731958762
BUMPSTOP_DN=0.00154639175
PACKER_RANGE=0.03777319587

;suspension travel = 0.034 + 0.00377319587
;bump stop travel = 0.025 - 0.022, 
;0.02577319587 - 0.022 = 0.00377319587
;chassis stop travel = 0.125, 0.12731958762
;rebound stop travel = 0.000, 0.00154639175
;bumpstop length = 0.050 (Stock 0.050)
;85mm bump from Stock height
;60mm rebound from Stock height
;75mm bump from S2 height (-50mm)
;50mm rebound from S2 height (-50mm)

DAMP_BUMP=9357.86413044
DAMP_FAST_BUMP=2464.26190476
DAMP_FAST_BUMPTHRESHOLD=0.080

DAMP_REBOUND=13418.0521739
DAMP_FAST_REBOUND=3293.15
DAMP_FAST_REBOUNDTHRESHOLD=0.100

[REAR]
TYPE=DWB
BASEY=-0.225									
TRACK=1.525
ROD_LENGTH=-0.030					
HUB_MASS=51.28
RIM_OFFSET=0.050
WBCAR_TOP_FRONT=0.2500,  0.08525, 0.2140
WBCAR_TOP_REAR=0.4000,  0.08525, -0.0500

WBCAR_BOTTOM_FRONT=0.2800, -0.0975, 0.3700
WBCAR_BOTTOM_REAR=0.4100, -0.0975, 0.0760

WBTYRE_TOP=0.1100,  0.1150, -0.0500
;WBTYRE_TOP=0.1100,  0.1350, -0.0500
WBTYRE_BOTTOM=0.1200,  -0.1500, 0.0
;WBTYRE_BOTTOM=0.1200,  -0.1000, 0.0

WBCAR_STEER=0.4900,  -0.0390, -0.0925
;WBCAR_STEER=0.5500,  -0.0490, -0.0925
WBTYRE_STEER=0.2100,  -0.0600, -0.1800	
TOE_OUT=0.00115
STATIC_CAMBER=2.2
SPRING_RATE=100724.175 ;12.0kg/mm spring
PROGRESSIVE_SPRING_RATE=0
;Spring MR = 0.925^2
;Damper MR = 0.925^2

BUMP_STOP_RATE=60000 ;45000
BUMP_STOP_PROGRESSIVE=0
BUMPSTOP_UP=0.16972972973
BUMPSTOP_DN=0.03567567567
PACKER_RANGE=0.06386486486

;suspension travel = 0.031 + 0.03286486486
;bump stop travel = 0.060 - 0.032, 
;0.06486486486 - 0.032 = 0.03286486486
;chassis stop travel = 0.160, 0.16972972973
;rebound stop travel = 0.070, 0.03567567567
;bumpstop length = 0.060 (Stock 0.090)
;120mm bump from Stock height
;70mm rebound from Stock height
;120mm bump from S2 height (-40mm)
;110mm rebound from S2 height (-40mm)

DAMP_BUMP=7300.71331521
DAMP_FAST_BUMP=2240.92261905
DAMP_FAST_BUMPTHRESHOLD=0.080

DAMP_REBOUND=9374.67391304
DAMP_FAST_REBOUND=2994.6875
					

[GRAPHICS_OFFSETS]
WHEEL_LF=0.09					
SUSP_LF=0.09					
WHEEL_RF=-0.09					
SUSP_RF=-0.09				
WHEEL_LR=0.09					
SUSP_LR=0.09					
WHEEL_RR=-0.09					
SUSP_RR=-0.09							

[DAMAGE]
MIN_VELOCITY=40				
GAIN=0.0004					
MAX_DAMAGE=0.05			
DEBUG_LOG=1					

