[DASH_CAM]
POS=0.343046,0.99423,-0.086522
EXP=30
